mus= [[ 5.3535442   4.11383893],[ 6.29486876  8.2569119 ]]
sigma= 1.